4294967294,0
4294967279,9
4294967279,565
4294967279,363
4294967294,7
4294967279,285
4294967278,132
4294967278,131
4294967278,130
4294967278,129
4294967278,128
4294967278,127
4294967278,126
4294967278,221
4294967278,125
4294967278,343
4294967278,124
4294967278,123
4294967278,252
4294967278,122
4294967278,121
4294967278,120
4294967278,119
4294967278,118
4294967278,367
4294967278,117
4294967278,116
4294967278,425
4294967278,115
4294967278,233
4294967278,114
4294967278,113
4294967278,271
4294967278,112
4294967278,111
4294967278,110
4294967278,352
4294967278,109
4294967278,108
4294967278,107
4294967278,428
4294967278,106
4294967278,331
4294967278,105
4294967278,245
4294967278,104
4294967278,340
4294967278,103
4294967278,102
4294967278,419
4294967278,101
4294967278,100
4294967278,360
4294967278,99
4294967278,98
4294967278,97
4294967278,260
4294967278,336
4294967278,96
4294967278,95
4294967278,94
4294967278,93
4294967278,92
4294967278,363
4294967278,91
4294967278,444
4294967278,90
4294967278,418
4294967278,89
4294967278,87
4294967278,330
4294967278,86
4294967278,85
4294967278,345
4294967278,84
4294967278,83
4294967278,82
4294967278,417
4294967278,81
4294967278,80
4294967278,79
4294967278,78
4294967278,77
4294967278,396
4294967278,76
4294967278,412
4294967278,75
4294967278,74
4294967278,73
4294967278,413
4294967278,72
4294967278,411
4294967278,71
4294967278,70
4294967278,427
4294967278,69
4294967278,68
4294967278,67
4294967278,66
4294967278,65
4294967278,64
4294967278,63
4294967278,62
4294967278,347
4294967279,82
4294967279,81
4294967279,79
4294967279,353
4294967279,78
4294967279,77
4294967279,307
4294967279,71
4294967279,70
4294967279,68
4294967279,66
4294967279,65
4294967279,63
4294967279,60
4294967279,58
4294967279,350
4294967279,55
4294967279,53
4294967279,50
4294967279,49
4294967279,47
4294967279,298
4294967279,42
4294967279,37
4294967279,35
4294967279,33
4294967279,520
4294967279,29
4294967279,24
4294967279,22
4294967279,21
4294967279,376
4294967279,18
4294967279,14
4294967279,360
4294967279,11
4294967279,8
4294967279,7
4294967279,540
4294967279,5
4294967279,4
4294967279,336
4294967294,6
4294967294,5
4294967279,134
4294967279,280
4294967279,16
4294967279,308
4294967279,265
4294967279,12
4294967278,290
4294967279,10
4294967279,571
4294967279,275
4294967278,289
4294967278,0
4294967279,558
4294967279,258
4294967279,257
4294967279,256
4294967279,6
4294967279,329
4294967279,255
4294967279,254
4294967279,253
4294967278,258
4294967278,257
4294967278,327
4294967278,326
4294967278,325
0,5
4294967278,324
631,4
631,3
631,2
631,1
4294967294,1419
4294967294,1416
4294967278,429
630,6
630,5
630,4
630,3
630,2
630,1
4294967279,358
4294967278,339
4294967294,146
4294967294,1015
4294967294,187
4294967278,420
627,5
627,4
627,3
627,2
627,1
625,6
625,5
625,4
625,3
625,2
625,1
623,6
623,5
623,4
623,3
623,2
623,1
4294967294,476
4294967278,286
4294967278,284
622,5
622,4
622,3
622,2
622,1
621,5
621,4
621,3
621,2
621,1
620,4
620,3
620,2
620,1
618,4
618,3
618,2
618,1
4294967278,283
4294967279,357
4294967278,423
4294967279,356
4294967278,266
4294967279,355
4294967293,131
4294967293,130
4294967293,129
4294967293,128
4294967293,127
4294967293,126
4294967293,125
4294967293,124
4294967293,123
4294967293,122
4294967293,121
4294967293,120
4294967293,119
4294967293,118
4294967293,117
4294967293,116
4294967293,115
4294967293,114
4294967293,113
4294967293,112
4294967293,111
4294967293,110
4294967293,109
4294967293,108
4294967293,107
4294967293,106
4294967293,105
4294967293,104
4294967293,103
4294967293,102
4294967293,101
4294967293,100
4294967293,99
4294967293,98
4294967293,97
4294967293,96
4294967293,95
4294967293,94
4294967293,93
4294967293,92
4294967293,91
4294967293,90
4294967293,89
4294967293,88
4294967293,87
4294967293,86
4294967293,85
4294967293,84
4294967293,83
4294967293,82
4294967293,81
4294967293,80
4294967293,79
4294967293,78
4294967293,77
4294967293,76
4294967293,75
4294967293,74
4294967293,73
4294967293,72
4294967293,71
4294967293,70
4294967293,69
4294967293,68
4294967293,67
4294967293,66
4294967293,65
4294967293,64
4294967293,63
4294967293,62
4294967293,61
4294967293,60
4294967293,59
4294967293,58
4294967293,57
4294967293,56
4294967293,55
4294967293,54
